kuja
bg0.JPG

4


false
true
0
false
false
0
19

false

188
226
188
226
485
228
485
228
496
241
496
241
499
260
499
260
569
293
569
293
622
296
622
296
623
170
623
170
3
137
3
137
3
307
3
307
188
226


false
false
0
false
false
0
7
PAIKKA oik
false

600
311
600
311
600
312
600
312
593
306
593
306
600
311


false
false
0
false
false
0
4
PAIKKA aloitus
false

201
261
211
255
211
255
201
261


false
true
0
false
false
0
8
bar vas
false

613
293
628
294
628
294
633
332
633
332
623
332
623
332
613
293
0
